Output results...
ArraySize             OptimalNumThreads     BestTime              BestSpeedup

5766                  6.0                   0.015                 6.9913774E-4
5769                  6.0                   0.013                 6.059194E-4
5772                  6.0                   0.012                 5.593102E-4
5775                  6.0                   0.012                 5.593102E-4
5778                  6.0                   0.012                 5.593102E-4
5781                  6.0                   0.012                 5.593102E-4
5784                  6.0                   0.012                 5.593102E-4
5787                  6.0                   0.012                 5.593102E-4
5790                  6.0                   0.012                 5.593102E-4
5793                  6.0                   0.012                 5.593102E-4
5796                  6.0                   0.012                 5.593102E-4
5799                  6.0                   0.012                 5.593102E-4
5802                  6.0                   0.012                 5.593102E-4
5805                  6.0                   0.011                 5.12701E-4
5808                  6.0                   0.011                 5.12701E-4
5811                  6.0                   0.011                 5.12701E-4
5814                  6.0                   0.011                 5.12701E-4
5817                  6.0                   0.011                 5.12701E-4
5820                  6.0                   0.011                 5.12701E-4
5823                  6.0                   0.011                 5.12701E-4
5826                  6.0                   0.011                 5.12701E-4
5829                  6.0                   0.011                 5.12701E-4
5832                  6.0                   0.011                 5.12701E-4
5835                  6.0                   0.011                 5.12701E-4
5838                  6.0                   0.011                 5.12701E-4
5841                  6.0                   0.011                 5.12701E-4
5844                  6.0                   0.011                 5.12701E-4
5847                  6.0                   0.011                 5.12701E-4
5850                  6.0                   0.011                 5.12701E-4
5853                  6.0                   0.011                 5.12701E-4
5856                  6.0                   0.011                 5.12701E-4
5859                  6.0                   0.011                 5.12701E-4
5862                  6.0                   0.011                 5.12701E-4
5865                  6.0                   0.011                 5.12701E-4
5868                  6.0                   0.011                 5.12701E-4
5871                  6.0                   0.011                 5.12701E-4
5874                  6.0                   0.011                 5.12701E-4
5877                  6.0                   0.011                 5.12701E-4
5880                  6.0                   0.011                 5.12701E-4
5883                  6.0                   0.011                 5.12701E-4
5886                  6.0                   0.011                 5.12701E-4
5889                  6.0                   0.011                 5.12701E-4
5892                  6.0                   0.011                 5.12701E-4
5895                  6.0                   0.011                 5.12701E-4
5898                  6.0                   0.011                 5.12701E-4
5901                  6.0                   0.011                 5.12701E-4
5904                  6.0                   0.011                 5.12701E-4
5907                  6.0                   0.011                 5.12701E-4
5910                  6.0                   0.011                 5.12701E-4
5913                  6.0                   0.011                 5.12701E-4
5916                  6.0                   0.011                 5.12701E-4
5919                  6.0                   0.011                 5.12701E-4
5922                  6.0                   0.011                 5.12701E-4
5925                  6.0                   0.011                 5.12701E-4
5928                  6.0                   0.011                 5.12701E-4
5931                  6.0                   0.011                 5.12701E-4
5934                  6.0                   0.011                 5.12701E-4
5937                  6.0                   0.011                 5.12701E-4
5940                  6.0                   0.011                 5.12701E-4
5943                  6.0                   0.011                 5.12701E-4
5946                  6.0                   0.011                 5.12701E-4
5949                  6.0                   0.011                 5.12701E-4
5952                  6.0                   0.011                 5.12701E-4
5955                  6.0                   0.011                 5.12701E-4
5958                  6.0                   0.011                 5.12701E-4
5961                  6.0                   0.011                 5.12701E-4
5964                  6.0                   0.011                 5.12701E-4
5967                  6.0                   0.011                 5.12701E-4
5970                  6.0                   0.011                 5.12701E-4
5973                  6.0                   0.011                 5.12701E-4
5976                  6.0                   0.011                 5.12701E-4
5979                  6.0                   0.011                 5.12701E-4
5982                  6.0                   0.011                 5.12701E-4
5985                  6.0                   0.011                 5.12701E-4
5988                  6.0                   0.011                 5.12701E-4
5991                  6.0                   0.011                 5.12701E-4
5994                  6.0                   0.011                 5.12701E-4
5997                  6.0                   0.011                 5.12701E-4
