Output results...
ArraySize             OptimalNumThreads     BestTime              BestSpeedup

100                   0.05                  0.001                 1.0
150                   0.05                  0.001                 1.0
200                   0.05                  0.0                   NaN
250                   0.05                  0.001                 1.0
300                   0.05                  0.0                   NaN
350                   0.05                  0.0                   NaN
400                   0.05                  0.001                 1.0
450                   0.05                  0.0                   NaN
500                   0.05                  0.001                 1.0
550                   0.05                  0.0                   NaN
600                   0.05                  0.001                 1.0
650                   0.05                  0.001                 1.0
700                   0.05                  0.0                   NaN
750                   0.05                  0.001                 1.0
800                   0.05                  0.0                   NaN
850                   0.05                  0.001                 1.0
900                   0.05                  0.001                 1.0
950                   0.05                  0.0                   NaN
Average time: (0.010000001/18) = 5.5555557E-4